383214
970684
59171
854653
626396
362523
931994
228956
729031
74817
925241
373298
127296
724431
607581
853123
978797
45776
974596
318364
752501
557588
894770
770146
874215
333301
842768
759854
233173
796587
897485
409319
734449
756362
336914
104159
870879
196274
948667
682307
384430
427399
982275
238345
383581
783632
690557
168543
772433
131804
167379
783778
574515
562941
833729
989300
711122
241708
678206
205732
313954
653039
36887
248652
80807
229375
687059
67556
311844
215163
449329
337553
922536
649761
841758
663395
892771
705333
164756
621959
546365
26186
159260
877662
886483
326149
767600
377552
200364
808772
347219
26988
678954
241185
950727
4790
156745
394289
275895
29919
931403
603591
775639
889027
443562
346528
964849
911414
984031
990372
882800
945493
445485
563975
373369
251271
561079
502761
763979
711593
557334
532871
481736
857206
335722
921577
696157
345622
368354
848219
179299
446686
800011
201983
605421
376588
546689
35847
392953
772242
500575
796103
276496
415820
783765
11291
931547
300190
480272
307214
88958
145290
76460
850939
639897
421816
359389
804790
550709
885947
161813
992365
916949
377068
588963
483643
224917
169985
356424
295411
61959
422149
823793
76367
524145
784526
387679
37092
383199
502906
47885
905629
249872
134612
180981
888547
292931
418328
513431
129261
210662
7343
996854
966602
869062
439339
572182
599080
48034
544898
414349
536450
339973
857355
931467
96700
954445
933362
392935
311341
484063
952841
657868
429087
429026
541458
743340
321377
644564
326187
211766
547278
730876
61227
548881
867775
234037
697894
513550
759589
981694
290271
771823
584221
388841
611383
178915
30745
597904
104666
156508
528775
981068
922061
188131
751818
845320
208725
685473
616254
782970
327426
607683
73646
828965
964970
834641
225738
950090
969594
686237
113325
214586
421717
296285
897288
153464
173327
308725
154772
620692
399224
82068
363358
299643
886718
650468
857428
586710
481477
663527
783683
303586
6556
613898
427484
492970
990511
252683
591583
16030
75244
393552
426824
720616
504104
721429
932637
930953
756372
475141
615325
831588
345706
298550
407837
818066
261169
941620
773517
58086
899631
697842
494197
396802
563139
755181
148721
371447
794943
4692
314994
994175
985463
353945
272951
467241
989018
437763
114295
558147
370330
485819
562219
107459
21800
764630
376425
808484
196690
374223
257899
426785
959790
556298
309071
858338
900776
969641
501214
969568
242990
663566
184519
274413
487133
746056
945123
408867
815276
867047
582763
575455
997202
608645
928575
805875
238786
31240
411794
219360
751303
61654
748245
195373
261127
306276
171192
309367
606355
713855
69496
529464
477787
326382
132489
76097
908661
695377
36597
790592
732877
515932
343057
377191
6094
64990
967781
753628
565985
94151
49982
535110
264975
500303
250279
604146
132989
491402
477833
361888
986093
890022
629185
276637
688236
509683
908538
795037
195116
205204
38613
705523
352582
452779
994886
920206
560258
344675
664264
877037
626159
521372
935814
784883
692722
700223
279940
232851
162046
268958
732899
452292
379820
946600
947674
192214
956818
746009
495475
30892
105791
228982
334440
85417
363444
985318
500186
994613
701550
66076
981133
292307
946231
695737
845915
361665
956225
166098
377496
591258
146723
53080
72862
464825
687518
266755
107222
21376
544321
547640
45758
525998
390706
431483
920480
874880
789996
720624
403658
939109
623673
238654
183317
115532
589325
571267
850552
937394
194629
325129
294652
632806
375887
146299
602795
949291
585444
869668
403690
811589
833186
440150
227367
26016
520291
365191
698165
298063
192984
565356
391279
712751
448887
101543
87668
814203
300953
981819
959059
979726
102094
213280
833718
187712
723632
861490
546545
805782
682596
212733
86846
159230
346580
87653
837638
80583
458243
944880
864746
824708
121543
211841
529869
339357
344834
525352
672257
971480
246289
724395
828575
681881
775807
968617
140390
368523
232823
759374
373780
146784
592113
951298
308612
330183
782021
942582
979927
327704
161749
923122
510070
808420
808234
888973
612327
622808
248110
423324
337740
843172
436336
131969
104211
57481
304402
43331
859830
836565
794925
780397
501572
89860
132007
937974
577296
493323
383860
725840
342903
85552
882987
908644
733893
595511
597060
2037
847992
843838
748046
295910
955373
526776
677552
707550
126321
885806
833668
813152
286988
191356
909303
89764
754048
538652
217526
780531
508063
611153
88906
257336
562523
673404
685465
681980
12465
354603
560563
534988
243983
608332
712881
119232
346032
683344
788774
667171
562520
888375
907644
129932
212600
331615
273190
968235
590310
974195
124526
411432
133947
20132
699323
279285
334268
237993
858765
463298
808436
128874
835821
172843
445751
488656
812304
325720
318095
541035
562403
288259
938003
461127
7490
273662
160670
821059
136577
702388
703601
411231
423523
829952
758737
51200
6675
88741
96851
78835
888739
712726
438282
888090
131390
758091
635587
937986
478086
77161
212760
80956
834401
958989
604851
871420
786167
204549
321842
91710
401908
485844
440505
812300
249137
70876
182516
773775
989349
89676
194717
561409
526322
33472
518968
536480
673800
940623
721339
685260
189651
717185
13540
563986
523824
676364
525275
931257
198618
527704
550046
950237
775855
321203
16103
589809
669727
76146
550104
346900
444288
440063
230945
929097
672346
115746
199177
785039
796761
966467
757266
345008
942329
588104
45071
919256
682714
44295
982203
708793
810243
802140
504089
440279
831562
508565
59290
9208
258368
485856
432384
855160
639177
744499
16341
739534
942676
558105
413788
889120
455629
863667
175631
752654
220192
678664
537997
384619
345916
637305
143604
651592
74018
231124
657502
30823
8825
203576
525701
422693
607970
581631
655285
188707
679710
992864
813656
969867
720882
321737
435379
885458
584708
845332
747529
632930
971701
185847
953253
818671
909733
5675
607447
485608
487914
253358
768
558449
525437
924162
582096
969431
18715
933901
262978
827250
504747
239340
901231
4376
462710
891891
574496
635196
235870
405942
413844
368332
371354
958822
471239
799472
294310
395238
20612
925534
629007
27206
562715
478200
760520
572588
780223
282520
759548
696351
216110
378780
8587
413332
786651
86724
263542
48459
496776
201185
711148
772676
152677
452793
89257
335766
687923
760365
798038
971274
999551
616771
302730
655383
778917
224784
876531
758758
642611
705458
431799
75699
985712
732416
339463
205234
809969
103192
824787
312158
851370
871446
177656
243496
795240
995392
853394
766180
791598
701031
398842
982108
738863
758716
474172
731292
742748
235970
458745
426327
871144
245075
773004
383722
983499
475423
17303
780441
632348
774220
487354
524334
609022
381893
84381
846917
83382
311233
54649
42584
668716
605965
883614
345220
674478
858147
987948
677396
851852
724256
576077
5151
181478
291319
447257
869197
907383
175284
168489
355774
190890
641422
445835
387750
448397
601369
981416
258572
447924
703003
440359
45229
203718
930624
763123
555928
969925
228305
556466
174545
849994
976006
541088
894758
458766
539555
925906
609561
700539
32320
887618
211810
157544
816482
841417
520496
191282
617091
995163
805062
879133
667624
961689
893451
779443
681877
19706
680603
479148
119900
602216
593724
868152
459352
520630
104420
937600
879510
768741
608762
655450
700032
308255
737440
85089
638068
767978
564147
667284
636056
524901
535787
665871
161513
415968
396230
839909
630966
470041
722917
290966
392386
898237
259297
990133
549124
981032
126780
833588
683139
988968
599799
675485
50217
977078
257208
11167
882035
289153
720498
978993
503127
360951
807703
36425
648121
952661
824055
189918
812762
247576
620880
374590
725911
62951
358706
570719
343443
878394
67509
264607
500336
197254
518337
422233
192942
646083
497752
12443
721773
528425
36883
594553
90399
201242
984621
773662
854030
550156
102867
201962
254304
352234
706740
317723
564585
196038
882246
80387
402758
621053
775063
25770
871558
582692
796075
110094
748984
79622
129471
614078
120423
297048
370974
56602
250616
489023
779678
161365
695958
912635
161563
830593
730548
387745
9038
664948
504461
751577
384075
110499
355183
177547
345790
846031
179100
168476
907186
254560
402770
243647
68264
594777
251108
805097
252631
164670
505922
271630
338142
660642
229735
972257
907060
36708
72989
694334
899309
618471
113089
596754
105046
504843
674830
163089
876475
706826
216955
164446
876796
352501
303013
65497
136745
568699
517950
919473
315972
211002
947322
550573
105992
472138
143235
696223
585581
474029
5611
977190
320614
313362
139580
482957
181888
872076
631741
365577
783171
971523
290606
222164
574848
242872
40323
873369
866099
432375
224346
200385
413568
846083
60636
710772
433683
472684
993943
184232
498963
897616
356294
665410
790447
524130
451853
722634
675443
296220
819604
404979
255165
155192
835903
303792
629882
151513
871312
151267
173454
198675
584877
830349
751031
320391
472208
667697
953989
943814
110674
808230
851327
534215
425048
970642
89797
206782
238325
879731
306815
359597
747195
490315
147372
859422
783904
964434
258694
95938
859050
688299
447658
901412
486768
188118
935876
476747
369414
625332
576979
48927
146090
499821
330303
340594
570837
184165
681640
511957
346698
519471
731596
126155
396874
101314
796550
921551
863419
827217
114842
561123
260816
811629
833413
233004
286978
674254
60440
804448
556000
470387
777038
102065
29499
420621
80946
468067
898339
651582
703951
954711
924246
555427
763884
109803
153861
517828
788650
387792
346453
912786
107339
794601
573985
265455
389241
140475
208994
684580
436671
613444
268315
306065
702360
245654
401764
640415
250096
144086
320229
349061
612407
836079
271517
432016
998099
610913
995623
313618
707140
511665
132336
198940
160624
458996
494704
438547
403636
105751
987583
661954
135949
550462
343556
36208
262090
443706
339302
513834
574674
9969
818271
239550
567598
978898
957221
334306
542647
455719
852842
491102
75387
794344
460204
892726
442459
116854
552392
469606
872982
668757
295727
662942
745013
755022
340170
73497
427820
426220
487195
340675
741716
612346
171329
585830
513893
6869
526597
262184
448447
751540
735946
509255
942122
722545
541838
924281
16755
82273
577958
781215
251471
472024
236141
206763
205594
456987
189561
416719
529606
176093
394704
453120
279227
438088
259219
64454
123539
809438
10457
504116
417783
162929
920578
74528
289394
362671
841636
13783
997536
296244
200379
666423
312162
958588
472185
671118
623866
987708
732986
222238
486715
372461
452690
356040
246364
835929
321204
13317
556546
880519
984508
525427
462351
568225
605908
902171
977348
677717
94618
898708
302911
393355
637132
360535
730377
842817
896618
468227
57722
691657
688892
803071
277836
668103
110483
141155
471083
965246
654762
994896
107365
447960
852880
17485
442849
222708
158394
922606
31607
685471
905674
205088
826538
166763
158148
914651
479657
714223
344719
743639
352245
52085
647388
602025
665256
539797
206425
250384
968217
498469
393044
56880
498234
816222
790909
44415
370284
118110
194338
578373
232107
207227
820521
380746
879013
511836
838286
897711
33718
90834
106214
625480
619947
956226
409291
397050
139443
509393
428940
356261
815478
698200
258549
132056
359647
683136
67009
231331
431399
57706
893743
234339
585968
830086
223346
457863
678267
600565
10007
116924
810326
920553
665540
558341
210877
390932
45611
485993
268814
203088
30276
601801
408315
79720
47135
390945
281039
312244
981711
162213
656524
833850
409215
728553
773521
305782
285485
282112
493830
595340
868404
471220
161027
988559
653229
182151
832504
890309
893701
780784
322568
251507
220500
542170
718416
382500
863191
942922
172572
373604
858614
882139
901935
281344
993931
559445
92397
739643
362564
809244
274106
579393
723417
87708
575495
783380
526882
388667
758082
186738
983369
738358
78250
138779
488072
178742
141346
901087
679641
953304
488839
289387
475350
236069
356694
4851
770833
909894
701243
804060
207548
127024
274607
402673
108818
956629
400059
789986
343529
479353
241112
892458
893252
794916
79012
875089
982364
292072
193838
574943
215551
963047
772889
407801
199735
747749
10930
67675
63315
356315
278458
661128
141370
913173
775335
442749
310839
925155
572544
715907
576703
81033
562503
871610
459053
855724
528051
250161
783777
566250
801518
869061
906767
692798
488097
659537
244009
75533
192890
574074
853531
606877
838630
32443
940696
683145
663422
431739
852217
672433
22607
124165
168992
147354
676153
935518
762731
273574
652388
636032
192272
998024
800327
786176
917911
53522
27253
5688
295151
534050
221062
125241
960315
650981
279333
708251
645098
403287
867155
850174
882132
620458
166034
616361
699340
426877
737116
585086
394484
391383
359686
156469
884495
253959
525638
298288
267424
994281
571052
388540
570373
236014
17115
530914
701803
242245
719381
707220
988598
220818
595429
548570
21737
249422
559213
848691
168136
704147
697273
888036
219773
552120
211288
917093
594809
799968
315168
841802
712889
24000
590012
775407
459430
527032
558321
260519
343757
672161
599825
57783
604325
797098
907084
484397
46312
459836
934841
445887
358594
589055
612743
900934
357832
741812
153372
304766
495006
404621
57798
200524
3472
601609
984126
129052
947465
875741
952433
472912
224522
784509
319373
670989
931457
563814
701210
605956
25519
891729
187947
889789
817589
940831
836255
154814
289564
416410
489733
637533
90727
634988
669970
633610
812914
780901
903076
735432
371562
575124
981190
209934
173637
351125
279630
479098
67980
363490
674977
363952
738521
707295
891483
76001
440767
610832
83371
417726
777550
605561
44851
749585
904456
557512
235949
457189
11204
620567
170966
933896
249368
875910
574598
665856
18105
739009
362869
586794
872287
323596
604933
716713
378543
528672
545411
139337
788788
481021
296506
151231
771952
435138
422579
510756
918619
221762
604258
674507
199736
532926
419113
293228
405989
310353
517953
808435
57528
161759
505573
970525
307862
321927
834838
618234
490798
919756
509248
711764
735809
558753
446331
464276
186163
485006
910327
38772
362252
960995
161550
642151
234027
777631
744814
739369
431639
364251
267770
263796
743109
675742
83676
480367
338730
490953
933375
884222
143174
694800
253932
208719
658947
885443
658098
601256
772767
73579
520491
342588
683916
253610
797812
714354
981177
381748
273531
33725
463871
687571
607802
753163
307411
449964
587900
243884
680345
665948
397859
865006
446367
87558
48768
399778
380188
166989
802722
300508
491570
56628
676316
764585
883351
675282
924741
597989
961792
784628
930056
370376
296503
961095
161500
286724
725725
856413
964455
692615
668849
866021
353923
249098
348815
740579
245495
108290
519045
849005
660872
32649
857516
967834
443615
464651
242432
751462
230685
897547
507694
177858
558721
310705
13741
240575
608621
954968
603856
763523
132108
396470
890055
822192
79880
364826
94726
562352
297894
562522
267000
611537
341454
545724
630023
515373
600961
490396
462384
281705
704745
36279
71228
856776
167283
764482
542649
918666
502814
295395
570197
624106
728659
205758
234808
315363
965650
49871
741619
813915
993314
783982
933789
360009
981172
552833
481069
904476
65381
587347
914908
651805
510290
692793
701151
103236
828840
789278
850976
874080
600889
538763
318204
311085
760911
769904
53578
579633
683102
433991
324876
444152
836132
757274
594965
881375
536955
494592
702415
139531
741983
172420
46830
68133
78276
783410
725570
415979
51694
468748
223547
945600
119803
543808
690676
61754
866926
787337
56678
268941
458268
209355
17368
947260
774686
635543
840528
664716
426554
850927
640910
495864
390816
793620
874633
487369
99220
696891
873382
121412
780363
907267
914246
152202
413808
506723
833571
446825
266655
234493
281420
289579
130148
748833
162944
627646
283601
837976
853897
935099
492902
221299
715631
219192
114780
10383
963304
739665
663099
604282
604048
559323
739196
680817
499339
410549
595715
919182
143658
315439
671684
648261
988665
185187
680968
152317
904036
467534
812573
969257
434413
913310
410002
858024
358217
332706
385666
932596
413232
260527
965834
718508
14562
305485
514758
249504
451836
985566
705497
870703
31075
356398
219348
56478
27348
426223
394350
227638
335568
826403
462798
306659
126948
955010
562417
244354
442033
685636
145902
704282
805314
828985
617482
545386
391499
310886
154842
224491
617258
347502
796224
815918
404665
224282
58907
122670
161553
329699
363202
657289
236845
454203
601322
619610
422603
488991
658258
568282
991536
727525
771377
914790
416087
584518
479547
599060
665177
150545
798546
282647
388193
782105
750958
644149
337171
991938
445475
2230
342468
455334
269393
862829
676895
249380
932145
297789
440230
369958
552048
262297
280401
872847
182405
243005
576383
494264
763471
383136
173000
171217
198364
186635
361134
473186
388727
257421
255593
182715
380552
169470
916323
474440
380342
363944
599793
547914
888027
52712
690683
422955
931995
142994
828946
911660
844088
628529
992233
68892
251909
876400
207445
163390
839047
425407
85827
522162
802562
129480
254795
433602
968912
392160
978268
126351
28
299355
641059
831557
897185
728823
116145
171228
10220
991001
650565
211959
408924
16281
488122
664097
626420
449458
676143
76999
609790
178919
80053
501380
306672
856743
670869
679244
16188
184209
163950
912833
575335
463397
549453
969415
491690
776482
795874
628650
414041
363663
672501
184511
595636
253734
731529
551694
730126
763442
88387
954576
975028
643393
257737
357081
553642
289762
271638
387832
385095
347659
835593
212461
437277
372406
791190
22946
2627
982585
223873
441059
690067
376420
180966
157651
100660
903198
684677
608169
641438
593025
704247
649340
351400
170865
110609
53132
700753
597727
23453
56515
803253
310865
261345
102531
124819
175187
849501
777023
811546
336731
776232
457169
682785
731159
884052
828536
119867
979849
37056
224933
898203
784747
744551
632529
379382
305686
139859
397747
354903
333421
662196
60560
479208
768340
410183
604503
606623
306480
762126
573607
322299
782150
861059
184242
974933
43271
825222
250973
771890
282182
832178
308397
723711
105932
590893
360002
934320
827906
835224
958251
419035
67337
372681
311017
380975
621080
756400
696949
337805
334718
986654
443511
102440
878551
366847
744750
386990
178404
871741
589008
529205
820924
641360
454076
553645
529534
139383
754339
559300
170776
335481
901008
919814
33233
733773
723033
322580
183247
556760
240257
299137
606530
997929
781300
591474
425688
470948
603486
197043
508785
733777
832131
58993
447742
840375
696436
387996
464485
871481
775791
886704
235725
580842
937603
87454
518552
874154
298529
44381
614047
755252
235287
73752
570412
588026
11941
568961
16894
520396
68461
699811
305228
711845
399486
817190
566785
856206
339386
513111
429860
341756
894704
735018
336559
511375
46085
506410
534446
724230
952985
106827
122923
838099
17740
604675
971087
855369
417188
156544
99774
25125
930384
79395
599983
342617
760817
890087
960357
350215
471370
760683
129456
67143
902973
572934
836910
96672
367068
335629
749788
881133
557920
379692
751273
225569
304678
70067
257713
363250
1431
317586
971148
227647
644183
197816
695549
214634
84413
345155
681129
921934
570788
516188
110880
217431
603891
493411
40667
154843
607761
292515
912386
54244
232390
164890
490739
826774
251139
21580
117333
964002
846505
29201
366883
543199
826262
244943
641811
401171
970919
61385
52179
617998
204480
225264
776788
684233
638940
665291
171537
898016
207787
152931
365883
793539
61526
242827
931031
937673
56269
284667
924522
284592
570313
122868
28846
826191
417948
6696
183500
453763
373431
11106
394711
385406
222635
216868
889960
642338
747197
310600
948224
562186
733302
434288
494872
858190
21489
526910
894364
145433
277754
395896
645006
87366
229232
855483
684140
447275
337131
178552
859655
207388
631247
358062
220039
376097
176264
880406
176124
425645
205481
703508
334642
724103
781053
119108
97943
893757
197039
425894
483270
639575
229262
406296
970511
376993
246658
710005
608353
813219
664542
25859
418757
886318
525296
496365
268635
75450
877009
832511
303204
370944
861143
326458
55486
604171
212562
577147
218691
735560
377457
932779
914901
950540
449650
75924
9713
906228
638284
146259
783165
826727
209301
37469
829223
331316
681121
422312
238308
890390
871838
999063
755303
895327
546034
317217
607001
461391
583708
924655
744753
771098
577389
418666
755784
380388
954469
583169
575318
725405
984780
205927
467707
413894
295310
823535
938920
24684
644755
549109
364490
457714
515301
720557
661363
33013
760830
541369
732378
316492
943897
270983
645127
536015
51194
908407
457768
680651
448365
931449
194113
691944
672626
349491
600224
847392
572146
385610
883905
298886
169495
83870
821613
657762
195442
25728
378973
211214
773320
93613
631489
601488
512618
8769
728632
520521
677846
895999
797146
352309
68807
168752
804529
598980
225838
927864
580167
131517
227592
342451
32901
43993
942623
46522
596092
497948
281512
969304
286736
239745
468364
254761
198923
679905
844228
734593
907439
144535
265101
420044
244053
319768
834171
833798
652155
59968
176104
435907
450646
138279
236346
390363
937854
71554
358680
979741
272002
931724
659988
669776
676782
426704
60578
356617
394456
960071
521859
669003
611358
231494
569318
758413
71168
123719
132396
148861
506680
60317
327857
276777
527689
293866
973805
405522
597839
698222
504880
701712
103886
669952
843362
477909
412428
751631
348689
641923
414852
85825
407789
420493
123701
723908
424376
595843
615945
432410
611559
349370
83648
896587
42703
167475
596139
695884
795220
786125
918180
982771
463825
778623
430566
962459
981966
22634
99585
611231
957093
772905
241416
384292
492800
49423
198598
856922
876936
777003
371089
478530
23170
750647
103346
641993
324073
346645
104775
883427
646380
717361
473197
746710
541353
49196
657299
8815
870023
103944
669343
784528
901713
689859
472209
180053
365459
48947
27287
881383
486498
668072
1770
417930
833656
808704
350485
154685
71548
980896
313027
364369
976504
507729
109822
195516
329525
38162
754930
346768
440239
231101
185005
537469
989668
435167
564446
670163
861353
80556
750397
604896
33414
518576
83786
702033
223068
349662
292188
797013
742620
708505
536611
222140
765045
94706
213555
354230
371108
486785
152702
423486
900106
676958
794365
753673
989172
659030
188458
223637
135331
520592
203101
546099
432231
301449
850339
680557
918350
766478
179192
944732
798770
444102
608634
471439
57136
572807
246075
51485
704977
824418
564270
249118
261498
9987
295333
513700
92757
828054
779555
607262
238030
968139
719011
52484
347543
474199
122197
847743
439596
154114
429830
648689
222184
418179
319757
385063
796025
95158
497625
253193
708107
499900
57280
118544
713842
829510
946178
279274
421955
868764
499776
496497
815760
933891
537492
879955
931095
263845
335330
776259
773325
225513
134334
192905
128459
915825
118079
215162
341594
341384
304871
429717
83677
463806
271561
153785
962752
140011
473787
314057
812013
804453
227404
278688
338115
49610
113109
188985
273723
519049
911806
912952
496602
593034
75063
533129
820439
407208
517701
434680
113466
416250
748203
740575
622956
322803
152240
636046
648110
299451
509322
938689
585703
216620
810096
161851
302144
944558
77710
954559
255418
36054
449779
14472
229157
394869
965308
84112
806384
512060
536759
720322
928775
614803
488756
907555
534740
907556
99083
71419
87855
265676
341546
931501
926080
925761
291493
422580
550597
729070
827879
600653
402398
637422
51293
710448
932960
641477
487840
183708
971195
293779
131348
282126
460618
351166
548239
951818
15379
378770
225358
268444
292160
811025
426016
731816
213716
915533
859114
680948
476233
239946
409271
480304
446288
503870
64355
186123
597002
805953
576570
665298
899289
455444
385509
37310
989576
582005
124719
3630
861828
259392
205568
467972
218996
586177
358923
554266
318568
731229
215066
691933
836479
498517
885148
989552
500923
275684
1807
976858
600805
341920
4699
289739
844799
439578
117991
610785
577554
966924
53904
140266
33002
201249
864109
806409
786964
823100
495301
817729
886225
591138
287239
677082
752981
638030
59393
504028
669265
938583
750171
611721
718287
362356
174844
932781
911887
603582
590321
373127
937903
408183
568870
750063
645721
919753
954963
76079
246487
288481
155911
400499
258683
188776
569506
48083
748887
479277
52644
839435
840132
945875
559657
167113
894824
160221
953458
651616
420271
733969
936664
684902
697115
577642
878624
786193
511410
775926
658292
817594
209342
731004
894878
77528
347039
748452
462313
692371
954555
303892
205313
274412
418763
810468
371492
26215
388737
580602
364072
250186
646886
864804
859433
302977
572021
293749
356703
435362
332024
380786
328972
174763
492733
668673
311916
108014
762522
410535
906789
832280
16627
386950
748643
485326
95608
113946
173775
245886
457005
130773
219231
261061
285154
307779
641035
238844
839838
929735
676503
735694
351750
381363
949894
107433
79919
680273
265368
42832
696186
100157
688922
55272
292868
251177
986550
310873
31890
489087
590341
811894
213312
41907
26811
630471
936372
718385
664870
566761
362293
776848
277135
693798
795272
427214
767043
480950
107250
193016
183090
907958
997451
874843
178446
505086
79237
23520
870680
595560
90741
170749
353092
280509
65875
950738
461653
274563
348131
767758
512521
472600
440828
325730
64423
814593
304843
958086
502839
290791
828307
899415
287750
843514
150704
177305
802348
365206
249585
18563
117884
676074
937297
618808
203153
480470
777124
486936
753593
99686
967333
491625
424214
774891
995357
831794
428551
371753
834935
246652
275606
637350
551834
251680
566515
8741
223804
225825
592028
36381
507603
944587
807318
325760
609837
39751
285803
618989
361841
892875
829335
153965
390920
512853
593295
659210
913491
426845
183558
556002
497965
938923
115225
440
486127
514332
695674
774497
103618
774572
820378
648054
116423
569570
236284
410327
573147
811527
745861
581133
429111
283293
680776
344314
826385
93827
468121
360211
488779
69866
778969
814611
653687
412693
261488
932071
975442
870583
980582
467390
685076
55719
128192
139345
743954
730342
651330
308263
84951
268187
51036
777212
402913
807827
449460
284397
238378
822084
551233
319678
338830
464280
631483
551655
515059
356597
292501
814438
678125
620513
71227
664663
390498
726955
770480
31752
719617
764358
638375
49413
696189
182349
800328
971110
263446
879737
658106
632410
103182
704702
528584
650524
646585
912517
637142
848129
443987
61994
271642
408595
711135
342595
606499
117976
97164
846775
28936
615873
92550
433137
816567
456839
285149
88630
91120
691518
38875
44270
766070
171547
29726
182579
638780
386099
374421
866073
5129
156498
609372
248686
730827
304790
156758
175118
366234
874253
357670
476160
826213
497113
86280
480474
844965
157083
378285
767798
164682
548442
250768
864168
342082
89812
92145
306759
118952
431493
356413
30361
800246
123828
459639
391393
367981
532275
590172
213463
518780
669346
875026
898431
234670
810406
491375
594900
950074
715896
294852
715439
854037
387806
994504
59619
942862
101359
565407
426866
65025
11123
263236
868074
762161
534391
878992
831654
222166
410270
365954
578065
538284
216273
233402
831518
850872
263963
506937
84860
39095
174103
562095
711109
689716
572823
792415
323120
492476
233244
943401
444344
265486
379075
874203
888618
338596
659962
1106
815442
487903
899247
290549
884972
638709
734603
249618
796248
900373
141068
137015
585800
425747
825182
816012
408471
108510
562475
514260
249457
456478
943393
392041
710138
949445
159997
705097
150072
31460
294188
240769
540224
690463
77337
232182
980759
537813
56787
335409
442988
80882
972408
111071
661583
21908
58411
959479
529652
771866
287147
915995
681196
452580
553623
349387
272847
75797
846242
222501
745291
991571
752229
846506
357890
967705
333355
913568
898881
243089
209358
326344
859777
498453
479435
918054
948865
768678
450852
384765
922321
346702
760247
657317
652158
452132
538939
541854
96610
908400
52717
36394
991073
548980
825029
930977
949961
587888
811744
811697
166651
683570
899311
539900
709994
101345
420566
532799
557305
288542
227497
463480
714866
751505
691908
25333
530041
126484
619287
825841
13733
469682
801258
849899
209692
39658
482161
845058
273420
282204
877244
883584
466065
364316
418327
990813
975198
303525
177698
513426
205324
152143
568028
519509
638033
175877
256223
408600
232066
823788
360793
193749
245672
659770
534932
275655
591540
112386
493550
938429
381191
301281
893286
247492
169486
429611
87836
627463
51144
773560
120798
853863
673979
612065
253304
880816
757190
688343
689155
327241
809632
886351
250824
747536
859043
576479
209053
542556
886520
736369
993481
484097
929875
428134
453293
442622
696382
979239
229145
720874
415651
774340
263358
690150
842574
721810
501252
832814
408522
42306
552203
513257
194046
240052
674872
859862
553736
874312
506082
335045
958926
676422
530232
814188
84656
560144
968723
721401
175832
609812
654784
754051
129783
355521
822010
951280
540053
110481
13898
505520
3880
395610
554203
45629
474910
198083
131226
452278
511312
720705
111573
944779
511310
384910
806709
296862
372712
787527
590549
707399
477662
53294
657735
63933
116746
474636
353215
471103
395833
113166
406293
10581
630698
450341
718384
278326
462487
742262
746569
985952
162820
287175
252545
475150
157561
266955
365150
955636
329688
477053
518464
696804
570192
262906
453748
311790
864409
365988
550916
323660
13582
462484
857324
993350
630127
604815
961908
277663
226631
613268
450793
988654
370072
409506
832890
76716
867374
251053
734389
45061
729935
874636
947691
209970
880778
160588
733462
416291
149417
384400
567308
124521
404923
145217
524845
426316
271448
169703
407846
686942
797198
504543
659522
282293
270651
517858
397847
580637
341020
354386
733252
538156
392045
295135
740377
764496
430701
588105
665761
465730
592029
576512
133619
543426
289819
195896
279635
759991
35815
898789
858575
169070
117499
322174
453767
862143
495346
811469
547520
117123
913959
681326
338858
604823
255977
152096
170309
392989
610065
249812
441158
762961
411648
906050
439066
959604
272231
981383
295343
36386
533125
140565
542026
725894
190141
188078
530904
134030
968393
66698
768771
484891
367831
850656
184618
312686
786988
30933
72283
468383
322241
937141
441349
655637
405313
35346
89077
15539
209552
591315
699908
630996
586564
85286
510914
462013
506750
721727
479044
103753
372940
425689
194909
611887
496315
211518
573213
239903
972868
164073
229595
915443
463246
687892
297229
981277
764608
188678
28617
597368
342329
285334
951724
404849
745046
178209
554164
748748
70603
373973
127576
853332
819051
260546
521949
745118
951013
412332
866657
19208
787988
131338
991320
575525
621687
888745
38367
527696
946532
603647
677991
182007
120982
754594
733401
127765
732151
317091
860431
841089
94652
291128
877759
797752
355530
873405
407317
197371
579721
590804
750199
693870
361698
444156
74279
602118
437457
681062
373660
276137
185633
717239
970115
507921
810120
529091
777269
614947
461991
435245
678392
843661
982697
732744
125664
483374
856678
451911
608428
28594
394849
286195
561869
785676
916748
180820
738462
372180
520026
387315
624126
16852
865093
338279
843385
138381
295672
851858
59664
212781
377208
826580
443995
121746
629189
185524
48672
10577
40151
617950
405854
544648
492243
12966
240989
442835
814936
410350
794433
62534
369210
799663
563686
200769
519386
627337
590914
672319
240838
328720
482556
302339
198610
578846
505223
732645
78034
266728
68889
560832
128591
632694
963312
67088
455402
787348
366832
873997
660810
860357
636170
746426
714987
472006
124805
611961
7030
507018
606365
782674
188563
113016
847234
16446
652624
155847
384674
715231
528973
17645
692924
536235
714764
698560
731015
969900
593288
28405
130967
252492
681641
542797
469771
746390
153630
141800
563336
809751
849999
304434
102502
739547
45334
493627
907826
931965
971059
251542
701972
109238
937268
412576
253727
453940
126913
200199
132236
599839
892455
899162
61288
339022
574773
624967
867758
599656
407188
251063
579797
544754
231359
931929
963565
533423
836101
720921
281296
789037
691784
786722
827746
288475
336840
684540
483639
921133
295273
918685
585809
868929
660487
955059
875477
48168
613573
889448
51815
25469
863921
381108
407525
901330
638844
27677
504382
349352
28355
453445
221154
234932
357977
921219
112122
299463
346641
986714
380945
797613
89235
1094
238927
494041
310864
143762
130614
404492
93372
591457
904536
162447
636370
725109
659743
332760
965952
547603
42597
31465
832080
795796
736773
82643
50493
97065
998763
480546
167024
864274
219132
91298
417085
333776
912537
608769
790044
94535
429529
860243
940753
795439
947285
852747
443479
329504
31763
543994
811102
390611
119682
22824
780009
278729
472142
781490
840618
839110
608034
975423
11129
637147
100804
31869
229058
819505
863898
9655
914850
152092
879890
233067
30348
835571
831276
486161
667421
47467
792585
218322
444796
693940
962943
219199
75863
555191
801970
996723
515171
708266
221918
846261
473582
29949
697789
616505
316830
889798
851708
13295
458233
58190
465859
598665
329635
128840
396948
841253
543113
71393
579744
47838
413016
834374
161082
250975
861631
117313
693861
601859
589725
473312
264901
356630
274882
651169
815142
788801
231170
560765
642159
183162
836649
457836
713853
667771
577692
232680
241741
12537
974498
971180
707361
247126
852717
841400
663772
934797
415521
125688
857019
687410
258718
705609
530600
472123
407021
426836
859301
651723
441861
603039
831743
372143
269819
491582
280784
66644
992628
780752
689513
414383
439577
460719
274190
397697
652211
57972
434778
921163
799670
35100
365469
329116
627754
578913
964504
322203
732605
243145
396421
602854
421997
751837
459843
653833
91107
910927
86034
142898
452702
822920
202133
903723
409947
158201
883171
44449
254116
880884
981412
397853
893148
67226
649354
558653
50264
365189
489632
379313
447563
564734
347329
938059
929197
799435
581804
505316
547545
277221
18411
259536
698204
402933
597125
890533
716077
24594
296104
671964
743899
405079
160162
718203
281670
470378
812529
950282
462436
513537
254982
766588
203943
618649
987981
441142
549184
122933
674418
325588
825401
980460
240057
835944
589064
58198
722725
630233
260218
712218
134876
729681
298706
110583
707942
51066
558202
165376
70520
309134
520471
166489
537299
942666
636111
350223
786594
789600
788620
909019
456154
565797
609127
644364
894004
590116
218654
657775
142152
89164
865578
202884
940420
240959
883107
471031
743542
8460
897190
81511
339688
758438
701482
436618
719329
404774
628102
958907
579473
806434
815280
103797
979587
787389
811117
803891
342714
476595
35541
22055
117604
505255
264365
932600
501898
61468
56752
710352
250254
800984
274002
688268
715663
178838
347154
422862
249834
763297
969517
84241
747796
486209
459573
703139
122626
223530
776648
93660
525307
363882
838389
734637
439435
611938
672078
383949
687582
964729
535425
383003
448519
58889
56120
174795
163673
877193
813826
293407
909
163627
576375
669316
920660
506028
127759
636653
740654
376830
100339
841278
30659
616542
41857
592382
277942
54464
929158
396915
800847
646279
49979
486058
987445
533716
382226
587977
2269
919817
589559
88987
180802
854671
982838
284703
480719
955615
253800
927374
18668
172988
355838
16437
256536
199447
222428
945998
573454
757145
845287
351509
929581
435905
899235
277574
148732
533538
990015
789904
567512
59628
155789
620491
881619
893237
297012
107540
508824
337446
477978
558217
333562
108433
116928
731082
291608
691776
608095
970153
18643
19187
963709
196546
451031
573946
219385
750730
166928
21990
800743
505302
468320
59615
763772
249468
835395
979959
739324
855607
746918
647382
753208
340598
855491
705199
79144
904742
190629
710161
960901
59204
403920
452632
989232
443575
953089
619967
499628
421159
545277
342362
727568
577849
916909
295585
213206
710110
288918
364286
982082
842480
633077
535792
512687
623657
682820
575001
922491
722756
215687
519140
89219
47084
435269
191734
114990
318440
582536
989655
548709
735861
10304
60132
169087
421411
759896
403106
145234
435887
244528
196975
323515
290276
83125
123887
650255
575619
919279
326412
192281
364683
898098
381579
722941
786724
514913
874537
16484
799668
710046
263592
992984
232708
296385
322085
402409
186939
228172
766045
360123
929560
995894
438992
804063
773085
458206
599543
413420
135321
763167
273990
206508
146790
494001
571306
745974
420201
868442
334485
526566
940484
555339
190850
276316
750053
642435
157169
525361
668753
626288
718897
712150
757206
565471
408205
780620
992472
102028
431309
781400
213135
371259
231987
756335
907538
398056
182017
9354
211939
708489
91580
93942
223055
281735
175037
33676
956280
391308
955358
952185
317369
679933
249758
696405
333977
298121
130222
878157
118153
647148
7246
31156
638596
452663
688608
708932
208830
692838
445254
389397
114691
216211
762754
758097
956814
486134
453288
948125
652470
589742
430162
799514
261310
155011
312751
321880
510519
105775
545401
209326
385654
283032
41256
827559
542528
233468
245390
270182
518006
522028
555654
850497
485894
979977
89364
441753
562284
335699
938382
449980
272465
771047
220672
940101
771186
289360
626838
432105
293003
51137
825089
223443
151837
265433
612291
193890
653360
346964
826621
956619
879978
86497
662747
753221
632630
619913
311597
282755
132546
335156
137693
602546
23507
79186
633270
946869
29331
249215
234328
250333
34629
465431
360422
914440
818542
949999
995012
229390
754558
883513
451604
702023
881315
139241
575765
259643
87810
70449
922454
648782
311250
651010
766107
476803
113744
349013
516219
972284
728931
384959
73286
530249
803435
676687
845189
225655
46536
853747
776968
109833
440927
823809
981719
938791
598329
180056
79212
11655
991736
580889
718859
158567
431588
817899
659910
110448
984241
666617
12345
705243
660131
140595
407055
97190
281317
577962
456105
296710
108413
637909
669950
403053
699999
666708
918767
830414
519690
711027
670017
37438
851724
101413
74957
595299
109316
667902
592656
595723
29873
819591
450991
65820
119866
768756
469619
704164
599837
982177
542209
851158
896
262021
33810
717203
954913
469477
792589
683911
677331
208370
481777
191076
541688
311930
110785
500472
197772
850683
16871
623883
561450
588035
730039
403520
264905
895402
110938
645621
554521
644628
313875
456258
586191
597654
816106
962085
450527
937513
537888
500002
306368
780886
367113
528834
315442
570620
512324
829177
132092
628581
268716
932329
745602
712011
189350
127060
207159
241647
151028
650555
928191
59192
586319
407779
675815
332451
293554
811199
559877
480771
868863
85418
841924
207851
923333
647515
439848
302200
526681
932602
741571
466360
303901
22023
934571
541511
839627
977177
879254
851731
656436
966115
264072
521030
766999
470084
650406
459237
225783
732019
621777
944505
442055
143708
480069
639168
905707
289631
77347
272557
409078
338498
601554
734323
237605
599919
349451
45016
893637
315830
512071
866202
719064
172169
160277
754999
511381
309982
129144
310472
457443
695667
512355
934288
704814
257809
176703
639586
329603
657660
996354
283245
429976
908067
678972
773348
219525
350211
909773
978293
32175
757996
51446
53831
696318
459735
864087
582805
779305
196039
307475
224411
628849
25812
117441
564713
928265
711321
158475
591502
217498
528221
648845
488439
171458
913078
849862
147811
533079
829421
732598
459254
274077
910273
613976
951454
726384
880332
330543
861335
124789
638524
396128
393265
500342
307448
45233
554767
425230
946407
210260
508308
859635
986825
769449
782925
788621
910492
983071
14397
177086
48757
295269
314778
567317
275944
522071
619075
295451
564431
659819
787853
218952
750312
913279
489482
874352
578337
359912
657755
490242
366559
790837
38230
33306
683950
243739
205314
172824
601746
615579
276439
926299
832349
354720
752943
18070
400223
828469
318170
250508
566129
263545
690478
466288
533367
210400
425445
677901
688799
6018
394637
732414
884683
466007
67172
570944
320811
190750
746040
970173
194522
734003
489597
80430
526500
870538
257321
669537
523792
259485
58035
238322
777488
738249
962632
565328
763511
665313
486444
385375
814720
651791
766352
650757
228259
473657
173967
685865
862816
840789
437102
447030
75714
345355
595660
998522
372958
14530
376850
258613
335610
91335
445735
978429
454233
889501
129736
311546
307784
174746
7653
419230
308371
766515
585667
423922
453914
920969
713815
409556
858079
63565
456831
728152
652228
824954
799773
390855
166692
455805
151103
268676
956963
479132
123590
118569
993390
921602
766404
238365
360838
473519
770632
880559
683230
485662
719133
53420
530567
796398
978790
65533
664113
108017
844084
603248
741250
199886
658973
210787
13058
927053
572590
287691
795232
53377
402983
485939
681138
111261
495786
835661
202338
902503
27696
942639
175374
704130
977344
603228
124270
666463
986045
943326
984434
30403
603268
481999
922591
72721
137181
569737
438933
390165
852020
744347
623742
769229
675808
623341
191572
946636
83457
399761
172237
108517
348481
314528
672577
35029
116223
761387
619377
898157
271344
239656
982660
783054
509637
729456
985807
656983
46935
319032
498915
573798
664099
243047
974777
486917
439540
330272
570236
505635
449099
937460
837931
72288
642868
157551
755039
717301
672850
147130
841881
858676
942895
699372
169324
175431
120992
638789
820113
22049
400322
70175
413109
754449
537203
269463
264801
246877
163879
184339
784104
98422
523836
82851
621309
889145
938639
131781
495476
210913
249310
766740
437248
582441
232465
526442
65430
574621
598886
415304
466351
901655
456473
803868
738685
44228
632329
75718
789872
688314
958196
638245
24859
989665
709432
141921
295163
391610
886067
913859
875845
657145
575253
290828
229518
647725
685878
675450
99812
604909
35129
963873
228293
706003
559232
13479
559840
442421
763938
783626
287767
23660
898217
478972
495447
476503
518710
323143
123660
336066
665490
420256
279939
606792
410120
179869
224254
623861
510710
401746
572514
29214
488965
472930
303573
218765
21197
422639
78737
375040
583051
813416
121277
633463
936776
990587
763346
746146
764259
69072
125736
155487
751197
129816
965049
826545
739044
88844
523550
175828
595770
879157
920363
62280
424099
700957
432984
544553
937882
348982
615380
156664
402028
394222
862639
402718
188164
572367
355495
998362
65589
699668
857738
144673
245002
913952
879920
199392
583633
149021
779595
901088
953159
631815
893867
145636
23837
743788
467628
869861
683551
181262
265254
42633
8760
119588
790248
15310
674805
234562
171740
240009
28100
681817
574199
235696
786672
649149
423697
262301
663346
155583
292542
86508
433970
113585
916479
687295
781961
964582
304681
515715
447462
613601
613706
740889
927524
990762
123289
700628
754973
855213
596009
2396
504691
992996
701317
936710
390953
469265
651108
248855
445899
204169
653776
595139
89784
855424
146089
241279
403475
453187
398492
120949
136019
412182
829915
946253
416195
26906
264549
100651
827283
928239
865760
532058
615204
79311
200875
142016
76178
144154
818548
823351
700220
535284
415587
236514
966069
917212
733622
352962
353191
64516
826162
361944
473781
86079
665567
329052
937353
828395
141543
817689
108787
108131
673856
996863
84801
194603
142875
243512
68142
621597
737122
746198
417002
883283
680380
244100
445402
696036
438272
106347
458633
302897
861511
359915
819065
194489
127918
192678
843403
403329
615913
740110
104581
754010
694766
756829
427859
687961
660213
661147
495353
909525
193246
103665
288864
295718
583417
539719
579381
293745
588785
916428
941641
684027
506526
156702
193522
142267
56367
704946
711793
425717
931542
704792
295596
859324
290388
685795
705062
452574
553595
782844
515478
566710
792191
182674
701579
975416
858237
769725
184052
241994
43142
312182
533687
655844
308691
757160
948744
239787
287334
208588
739660
238179
844218
118190
577451
338401
523613
166673
109380
600170
443392
763599
554033
929127
797133
13230
859746
316793
504186
996696
110057
843866
902020
355869
354334
291888
591003
65739
182780
815162
434963
685936
203768
631955
751843
805290
336037
392286
413792
75160
827564
578340
594356
994127
690854
995146
79367
517771
631500
951260
416668
347885
182984
598677
545502
830826
902714
724058
756682
381450
667749
967819
194689
336954
976592
452351
169590
35263
335673
787082
375368
55386
485550
762029
18076
576424
396024
645772
779980
536692
198762
297991
42462
308550
938879
879030
260579
42607
647883
707797
560612
98784
112791
652863
196498
225364
731965
672634
135649
703300
287814
413487
22516
255991
370545
950663
24139
864828
17019
225212
397825
80090
6904
643029
569082
122198
265305
139587
471091
600890
900486
959889
373353
245010
459610
378538
759252
929267
732098
649254
678547
58420
994455
359459
272154
193109
989043
105643
646557
46213
444706
690297
944410
959106
537841
860536
161059
157248
68154
824842
902159
946624
199287
170501
931769
516600
287530
341343
165734
612868
237678
129615
358522
46768
44274
164356
232964
514229
745505
733846
163206
540768
284562
365155
736016
96845
598547
714315
254299
425389
80842
847939
548092
961033
986509
443011
776582
902267
165856
761034
949059
863322
941287
671433
526473
544783
210333
963590
920938
811567
279253
172382
729648
565273
259609
776668
254061
241761
501669
647438
900470
160993
2487
662655
638787
121944
980772
70034
260263
267463
656760
248443
84981
87509
885951
963558
69842
14983
64689
244441
704612
312463
587663
427348
824347
810943
523296
988317
412781
305379
771701
757374
423984
422404
39921
82885
477677
340289
350439
332817
973971
660217
100085
548198
264111
361274
513314
134735
379317
66348
869880
93523
792719
112928
926432
16143
346342
840639
749635
566789
57844
121913
892810
704904
971409
530686
42237
160408
913231
248752
762636
739153
142177
938616
770208
41216
94324
804259
302051
490579
965282
389872
231583
858526
702883
856943
490586
956796
153731
477925
725997
941119
861172
776488
760776
978068
183773
200516
958237
212670
913682
716071
678260
808839
672573
93862
16859
288274
759021
967720
271115
723368
582933
487293
297503
573702
528782
633763
498717
537836
584697
734320
623524
237081
717814
665795
420952
607142
624388
113774
430967
830301
93404
112677
329165
693698
190812
471683
458632
129001
937490
518500
22603
799231
323272
970825
370185
211505
278149
44787
106818
482104
401996
629708
367888
38989
195754
969914
673984
294017
469003
250239
722520
580189
876698
843495
975649
775997
365751
467772
778989
958473
712441
704753
816615
160644
947178
331557
893229
611567
134409
204430
629572
216347
233034
376817
199707
701404
192193
127272
752420
813084
680264
894184
254722
177342
672906
858721
588591
834788
218925
570130
916050
557474
266315
515226
737771
450202
398383
780191
286915
38363
876679
534283
628454
688487
828030
391912
523474
36116
783244
484221
336049
766058
933126
114785
567285
905901
714648
542691
115828
932647
925263
854659
493557
95410
650476
496066
157513
611879
161576
653660
538543
930775
869606
783283
982083
542208
616789
110569
865129
64668
627185
985138
311224
772529
638664
536891
983474
295685
45897
417690
187722
330588
451729
84414
543926
848647
946471
384717
827679
440556
491884
118314
233473
224179
122006
220344
506995
173295
639340
705752
311374
862125
277674
653224
940482
354328
257519
459413
146405
954117
659133
902765
851962
29077
500007
734299
23994
489564
363384
757273
230925
465987
199400
707008
703240
604184
611014
511425
521286
462361
730935
759085
399667
22063
447114
178435
904359
82323
265511
649843
135699
773769
332374
767347
999591
951966
116132
329159
22619
707649
750318
965043
512990
241275
39904
587311
791836
291732
171440
98163
510943
62049
221327
149040
268659
673072
407113
502868
841007
42411
433282
128547
120455
14400
279907
143447
914712
589878
637626
356719
1625
972240
732007
71753
389939
359806
148257
106290
355119
226304
212346
865477
488605
107263
903120
987996
956939
986637
431837
354502
407477
81120
2788
983317
863540
124841
338532
814510
49136
156283
775253
352544
585609
848892
180530
201585
200644
582558
406211
26443
630841
620342
327991
877132
10159
255762
556258
41791
276945
369508
877947
283869
723376
318692
327203
704438
639512
441833
149177
371975
861907
950742
428925
189842
812162
652277
866012
147293
456143
289247
284805
511738
957958
214767
32611
271252
630378
150853
146120
767213
438848
929429
255861
365940
758481
447570
253360
859843
775650
341614
995980
347139
354925
358739
703887
450602
795214
988229
160312
551505
742339
736275
444122
281768
974281
608220
509096
548771
587632
121397
966358
941038
487287
234397
664163
584461
740639
522392
396870
805096
614254
250386
759412
61868
237796
399813
270695
739552
63003
250659
170549
380762
258757
329998
832525
35903
850921
411167
817315
207038
711859
242998
500638
936509
33179
341951
896272
477899
778543
349262
697735
293641
54727
115381
601069
639354
821599
590228
452833
919780
624941
804403
668977
343710
223580
820599
310549
657516
626597
144788
550383
729121
811868
505727
195023
256409
898597
92887
308029
243698
279573
712860
422420
944961
468287
244003
274790
290216
162172
968052
36800
773388
492706
616592
538642
88702
583333
249127
836309
492900
21924
873391
842984
39568
90931
583841
790386
280553
178429
38139
239170
264193
592403
554038
943827
989376
776872
714508
657719
533226
533924
713119
836941
637900
693464
223393
112564
33296
775955
207640
590388
487806
469840
977877
600023
109285
205527
192453
924345
920470
227110
299176
794412
253542
225152
74479
893878
403251
767036
198590
738177
172879
178817
963411
259853
15711
793012
961463
933240
501600
972090
193093
970161
932392
323719
374144
724674
903339
669663
85991
358282
941008
34864
327244
920291
762664
164869
263034
742876
337991
589403
185814
725437
960709
668828
71116
272738
808397
255419
208242
690743
35828
270814
640344
772690
509836
962715
616231
314283
455076
507975
532056
760478
853247
478174
349725
679758
480696
186237
103278
476882
890371
201614
874142
644318
49796
204838
117116
774901
763200
637370
513464
832669
893872
280371
898045
193413
286361
983000
449644
590586
752024
577304
259291
590157
906202
930412
359491
821052
987472
415278
118331
416563
439409
461718
733240
809776
795895
523715
343852
664381
902919
65001
14073
265712
92847
14203
847799
295104
974216
805278
492407
840199
316581
459193
540641
439360
676473
70223
24957
384377
834142
171054
454060
578402
906906
602095
659935
103975
381546
14314
126605
264756
896291
182237
407169
830689
727952
249779
747245
243510
715293
651273
973033
72986
622365
131190
963584
815689
996634
3303
362052
474272
85587
534673
226975
885231
951053
402366
457028
584688
748617
804940
537400
618216
443223
329013
121557
659130
93655
277202
571039
162874
950987
742881
65480
828547
494633
113271
480094
409930
311264
269655
54615
983194
413032
724446
20922
701414
386908
338394
37313
869368
816356
772041
550856
18447
523170
713273
315290
211312
123327
770287
839768
578589
115916
26312
533594
457642
695480
53065
758620
475989
621647
661435
641288
609625
695809
461166
95886
988977
910241
678768
116405
907570
299406
691286
318564
291494
801599
288256
715100
122614
857597
329291
762152
39090
323047
453346
266052
103878
798567
778117
353965
497947
216316
20252
92470
207174
769637
396083
854390
534465
155434
196479
982207
163857
300930
238812
257433
484456
564410
532482
835396
133981
474479
296949
29621
985414
956898
228658
365160
90963
382468
515809
247799
985743
418987
431627
918451
363345
548547
845489
355811
694100
799093
890962
842699
699495
200446
750770
613327
478085
210939
903417
867923
598152
120491
33150
265918
634169
37744
572597
89571
308384
543525
190781
263536
65910
692466
468423
656029
458170
145728
495204
984229
522965
627820
408602
317255
315939
344571
500749
393642
288549
471673
225280
289856
846276
223912
455690
377172
354419
54552
643840
285703
531906
529426
605878
525709
364689
7997
597937
353077
122179
609303
298271
844394
16771
519532
740296
82753
816902
650829
40681
140176
243021
850429
448665
262312
386375
519991
208147
790669
796052
660479
385508
925699
700927
399818
992711
861314
154238
123465
927146
54544
41102
773715
307826
833811
95542
177034
180659
65668
385233
31681
757110
380191
181867
571727
524681
956894
184481
274368
308959
800714
460670
904825
623036
720879
370383
62578
661492
439365
689811
937192
915033
992409
164573
829441
979135
354129
925335
876184
901254
338800
50463
591169
414851
964895
963820
622940
551882
6992
18140
675947
521714
383081
310313
271391
474278
839755
933754
400269
442143
61199
24511
914775
540770
227962
108986
704436
846975
418762
336167
849911
622990
501691
447886
736165
994179
512806
295482
584597
732393
200957
363378
944079
283319
109133
503453
168976
333379
33919
904881
53139
598997
706103
249097
528399
241217
301261
563533
775439
911545
979678
105513
370849
382078
785733
98558
926774
614591
756655
792609
366156
979873
230950
676123
485264
810334
872582
881256
982738
50831
299151
916447
122096
922932
998323
743522
589016
283494
201538
61980
928350
814624
825114
650780
441896
847668
515573
956568
48410
2212
647408
420722
288952
537145
875111
218869
149934
534231
735866
781692
837695
505626
968801
198516
502222
456808
110968
368506
769105
555198
339900
542342
460323
247244
913556
271671
793947
855434
649133
858359
129982
624337
296689
171705
551384
2236
732160
153801
874334
438025
786265
845870
781342
913153
739186
34144
1531
986759
574887
36004
942840
170032
889079
781252
468752
547888
967897
4414
232337
274051
963878
725650
957322
995094
870354
509500
934861
26781
561267
114477
958774
736921
401767
650900
521813
662996
111585
275341
681347
518118
443188
486164
100291
23826
841974
743093
155947
611687
179412
28705
54575
839239
122280
817028
704056
929136
187313
220025
504399
883783
619425
144793
473603
171906
658970
223360
540964
554336
7794
724528
334787
505233
837007
931097
373311
861108
607757
200375
136814
456722
587091
163485
562252
645655
995964
451272
336142
514093
614367
611886
880859
526237
223115
19626
495279
469180
771627
660515
515953
226146
85644
944311
271808
480874
451070
399131
438289
645496
190441
495855
969485
366135
334260
567599
34355
275343
821177
825098
686919
538472
988541
297265
785436
14132
883152
848071
910318
741656
546148
900394
598591
410264
351530
111215
657129
785453
516083
39406
352651
889258
112890
724151
184735
242027
732628
967501
629684
727053
901574
131125
203036
24933
506733
277999
487787
567959
222910
175838
258199
582798
893659
335435
647113
78283
838543
144699
188497
962088
216743
303998
266642
702683
431124
762973
571567
930956
62974
943618
226755
161888
270720
46095
771309
936331
566023
510545
808000
339625
833871
257476
843632
136284
96865
745691
890893
781447
358592
275225
742484
408169
11196
567296
2723
771057
894922
651225
421403
147712
489427
321161
965368
528823
773027
339433
850350
558696
293693
941510
462328
45435
195419
5180
827242
592838
782911
675425
475074
725124
187811
243793
354072
655581
703133
694903
569293
931781
59050
696926
631517
430980
973806
594864
987541
631469
396179
760624
11486
890566
913271
308766
29001
270521
357536
412361
257674
390875
651002
862769
622144
763327
848966
398535
607239
740
884381
139032
377984
299038
267208
562640
125369
878220
413625
390351
157197
776831
829426
95263
290963
533143
844045
29960
728196
229850
326990
644043
457484
716929
818405
346793
528614
205056
262884
47388
608507
251016
413954
625988
597762
158198
239833
165836
662854
301643
137292
71118
103313
262036
150181
963859
150857
225116
272381
770362
144990
977158
72677
830708
740841
817371
749761
751782
292674
800002
894610
537794
488602
212452
746904
412013
717626
686285
53283
812812
325764
469842
934010
770008
505709
978534
141038
636916
683043
756756
597314
151193
422811
703436
494785
835648
506717
405045
484498
467853
830269
994985
605046
256239
613108
868771
136918
355285
570742
524241
923927
390912
477457
168598
172026
118535
244501
198327
676231
444390
512229
74489
982567
630195
878310
105396
892511
83540
430602
616087
344863
950414
315098
216659
668728
909772
183891
903452
120515
663859
56032
593977
1173
19508
738920
701068
77561
961775
282782
326315
651226
702611
79817
56695
302745
411191
690652
310389
311198
153824
926666
565095
180496
587681
657342
125089
982349
575086
883301
998184
339198
711951
203307
776824
135176
230851
86086
804118
728730
797396
974653
255550
549395
210549
904854
640978
855663
961600
286431
640706
583167
117851
121862
727380
898501
840006
277947
204266
474771
318509
910242
944621
494802
824147
390839
288009
904100
266548
420021
317668
695770
579896
180326
743941
268474
913294
318680
997863
184612
297717
119200
137325
263886
438814
30808
675375
849232
818604
362005
525258
202618
8846
873149
417034
494763
829863
814705
491952
371632
22050
701229
306999
425515
561866
414647
139599
392118
339092
517463
159324
976989
580210
311285
249121
857409
218881
785921
71639
351880
619162
76427
751729
14952
702277
906293
794837
986770
521426
842351
393785
72315
743910
153468
171425
870168
312523
260089
350107
749981
698816
977161
952437
5593
296955
276181
453145
578411
919498
645007
302757
602485
720646
34252
110461
634157
31735
883751
466251
601968
477739
550273
563446
639438
701990
752430
680619
658755
892583
175048
657978
650690
306761
139579
614999
210757
630495
542795
499175
389173
662621
518192
495032
371270
100613
402875
293233
349330
166320
133257
655547
381580
845815
512634
26487
766112
751489
670356
633862
978321
391153
785428
755472
350258
974858
863796
171916
284923
48528
583269
605984
399313
407549
66822
724070
423352
944117
942686
519781
255470
45802
356483
684061
382942
447736
684474
907311
904960
997217
700865
939239
578596
783050
392525
895184
198300
687094
424821
65027
678185
137968
592407
950509
452853
523191
858132
243797
551562
500180
44313
515071
698970
432603
162436
870874
126642
808940
194880
641443
229744
996600
796969
121111
766988
127561
179936
636538
882920
396365
584003
784409
956453
556337
438524
820533
217493
29638
895135
659863
543746
740073
506697
790373
549688
576513
534494
808714
933865
295560
569865
995290
448194
818417
106840
220951
502472
495587
200096
107217
611018
942089
175729
291155
183971
809722
559644
539353
809067
675867
89958
806817
942954
65675
704652
128451
488685
551144
720807
76
188995
836130
499010
237335
544138
456678
508022
17682
457631
568494
208266
835247
62463
376275
971820
627953
553169
303137
628307
715329
451235
85260
210463
685341
862226
150713
867640
372900
254760
961769
17769
670069
19857
479691
821037
121352
42063
327046
483074
906062
504738
631529
106085
380592
155228
474072
168863
878000
144644
952324
225464
771438
873972
245611
655515
672156
252133
5979
755316
292115
24352
397709
183889
406460
451691
74640
792707
174067
443571
596422
659901
179421
55859
5630
844664
860965
569417
934787
717335
40818
204653
744907
145576
602649
315823
612935
954664
449130
567215
888920
730901
754110
452579
529230
356877
819951
627842
610145
164414
206135
862531
571336
253840
18753
105155
408862
288388
689181
731671
258724
154715
303355
603310
531720
576167
803568
992363
636520
70886
53832
374881
802128
938857
285080
651553
95285
57619
636995
19593
996499
907268
222856
593580
43798
603124
658425
412406
870936
127688
61320
177774
28323
845507
277246
125875
542295
641506
403005
263801
789189
554106
572432
646297
814126
187345
269587
695361
809926
457364
414930
114961
757624
72289
348556
245184
140769
375967
408320
178390
504458
443175
255588
813844
269717
122652
186678
701956
137597
11512
550111
223751
279661
949242
325025
365810
4916
495356
569526
137415
469226
457733
788105
840339
804833
639030
32678
370112
256566
872706
350861
266854
550270
419316
75635
269657
914509
109925
407654
493807
183745
34776
861985
202197
347872
767786
282329
484321
362603
786421
563634
393316
114170
436104
693921
196022
330403
184768
322611
545999
127494
440742
617212
349165
282985
285763
718188
714263
992344
527425
48480
881739
889355
413049
210282
219734
659249
801409
287047
623259
119242
312167
410893
685369
338197
783188
42675
389193
749696
248997
667425
246148
130208
468842
630106
210503
680866
562119
804967
819168
148080
921399
688855
548880
776695
344750
317730
611738
590856
398652
581516
104493
625682
768959
566567
136721
976837
256198
448187
693189
851516
49337
196027
789309
331831
312507
27659
475015
772276
284829
452905
602384
480648
468174
315693
856335
215972
382153
466052
406756
810586
739642
150969
267396
267845
359577
886094
825706
730823
538289
189608
973525
785474
994277
722284
728214
623574
639187
390104
723585
904817
775525
498188
469703
896588
219072
470253
675354
422397
338825
582326
661614
80628
807663
17512
477123
463419
861241
264424
183373
3661
37143
819028
204642
698486
360000
379644
52933
702372
998277
505058
467393
196055
849386
105117
662744
374300
822377
721522
409391
702668
569012
755377
221224
933885
479016
257914
479880
757098
633470
668027
71829
932032
415417
86668
8810
579723
188168
759256
528257
618554
88379
744586
694735
405172
437120
700353
249564
345779
318257
579031
998338
312566
518028
24679
99862
959142
647782
634625
654486
454080
903115
722876
32887
102905
911073
878199
983569
15632
943642
55683
144155
97403
187415
411762
114221
848387
52209
167825
741114
804784
537646
393371
687368
931358
410738
684123
546278
334234
986118
131077
776109
855248
156843
998737
829480
21391
469621
779568
69401
460958
130086
689211
814618
622655
236941
346823
545841
888342
201556
559336
462688
758176
779956
257032
437399
191508
151439
146152
912283
38444
477908
746613
91018
58715
350229
944282
451186
834715
443804
381796
471958
27955
876863
968910
749002
623089
314232
198925
428335
842956
106911
195376
281021
229227
416707
285819
466963
372840
67335
151956
388053
31245
910430
275940
730477
521870
39765
110415
79209
895335
712813
785843
433205
580095
556349
678398
116345
862611
433750
844675
914483
705957
819156
678497
392631
256559
637762
428214
969302
778994
158245
137875
82067
253041
141662
662181
85496
459241
617731
930861
286123
680848
342702
381170
811251
986587
231751
80873
745934
716504
923471
497492
150110
293962
365758
127064
271905
788571
46461
417563
141528
863021
493114
806002
586938
173101
98186
866310
534480
746704
517721
405972
953702
378587
982486
886322
864575
951432
415961
361684
738096
625365
612524
465799
357249
474162
744161
738965
855089
412840
910113
859898
128044
770021
703745
986950
879504
285362
66164
454388
460945
369729
436747
852846
223013
812382
234183
782254
153541
758185
495303
903949
25838
916940
947797
954615
530722
309442
536332
17901
239551
842707
840274
748713
253350
507711
574566
612746
202004
882333
424370
403680
823977
936787
785694
370635
582231
981106
86920
740465
976687
323046
683545
224942
989891
767959
916668
619611
681787
384080
778741
667239
419766
243550
587651
721656
436199
607758
363060
172897
613520
756402
615707
778762
627628
197607
946234
76164
197734
804855
283543
791925
228312
232142
800531
654394
570536
520622
531252
539239
850311
37735
634058
983773
321626
407302
177828
684981
253162
145594
879951
384469
537971
431606
668570
133258
709341
762224
26205
148454
522285
723652
97215
241321
929870
185627
428311
405617
320091
838320
269344
993603
342845
573226
80189
154394
135539
521683
242105
661929
862646
897307
660631
966236
896760
956502
621758
500969
512867
857655
805211
221962
761261
209471
279482
428775
617943
613123
183041
20581
372501
531644
928538
443097
951425
538663
173549
665330
100259
973073
623918
973742
92877
643831
670973
332768
139416
399328
606252
147941
178479
539759
82303
76772
158381
84480
328372
206414
803892
584602
996592
164735
558075
814466
66335
676917
228210
882274
51955
792949
965459
737081
768200
954477
781058
497937
480096
569905
936211
947689
555125
825166
439237
507671
22615
698603
588314
50155
170634
787676
230288
545111
9392
237008
975720
691830
190044
202578
295808
994529
280634
88450
542615
497108
220620
169364
401837
380982
742372
299581
272600
301779
684302
717627
237134
263179
97962
773009
682148
558742
462845
221216
639733
880855
608902
118720
785689
750892
698538
761002
366758
308726
554738
927564
65953
239801
456623
531714
133283
129965
91476
825419
182796
424659
544317
525125
431293
61870
189263
542836
834956
690634
105353
683596
587201
248705
680357
482462
301164
889413
992692
858354
78846
946091
560193
678240
445145
690586
109594
583053
79057
784682
742997
153960
834213
647383
949842
509249
646818
686101
493663
311028
767129
359103
833567
564995
824008
462601
564710
450620
519108
636487
931064
768100
591593
727947
746305
124383
956639
632452
969066
617736
228756
800307
729816
202883
655227
587110
948219
164662
356763
231808
785523
68735
143512
936606
716459
480504
534591
657990
381483
209946
805989
235612
468646
869448
494889
57421
540730
118062
317268
239241
636545
839013
126508
978265
706007
3917
790802
217432
750029
123429
208854
764195
437362
951057
938381
873107
549208
807462
607128
683729
424043
322238
246600
691035
759362
21277
803155
953945
525099
129151
941920
920126
174878
414485
2824
905158
208599
130446
676253
547803
694160
849646
933130
887991
303207
727847
328457
259314
835574
310235
287858
110114
159032
492198
600506
243978
408375
776621
252119
916054
86655
699447
282982
372358
306203
519454
537179
987787
947413
330348
961275
722792
957634
49807
282441
546455
507511
754901
992421
553638
871039
493917
681123
385720
669246
984383
217925
589602
359945
406344
686650
30632
888585
53739
44588
580595
54693
736121
794256
812145
889342
548594
572292
41748
592804
572854
730825
817284
86686
100454
995600
959476
743817
97052
427355
582306
15142
183666
531264
711197
254485
360481
180418
141363
553495
501048
832114
326753
214712
22233
157187
442596
876703
454778
548248
72264
915719
199819
977299
42747
222061
449916
366646
675289
698921
383977
189504
595613
913376
460082
812923
413
133463
329117
451827
659493
385034
392639
555774
430345
936437
178521
444015
146667
526085
740881
59186
821770
463927
298018
448342
257257
451862
5139
985244
316696
599786
28866
13879
33004
719235
468443
672070
151037
809817
168396
123808
482259
472887
20020
657085
555369
53153
619164
145342
775344
91576
268324
568361
515627
75985
432932
905636
35167
697326
440700
892541
242371
374127
428558
421682
162757
301128
548492
685882
81147
910668
872229
789980
404547
643227
188265
314666
362410
838062
100118
106392
851882
929652
329238
741454
874022
762706
859286
91277
3371
672742
386875
969735
30452
70413
662654
423400
611501
867943
594912
139211
445335
458576
176713
944092
422306
661649
398989
751988
44924
535546
594759
436185
862911
533674
857812
188588
599508
496249
864272
993071
100438
18510
570547
345567
486304
230513
2806
544030
101884
940833
378465
588534
595441
443000
995622
864840
531808
325644
8415
874099
41924
494876
195085
587528
125372
172554
462620
472201
925806
933792
159595
765751
311196
897106
183904
109020
455544
348244
146122
933376
140429
781276
189501
603240
122822
794596
821295
10989
33947
878777
809662
481327
756853
822980
439962
246190
4856
884174
967179
596546
696146
127041
412511
313592
407656
90320
506573
753546
306319
860066
577266
548001
188492
109174
906375
452220
947087
409826
887729
173845
956128
162520
30609
960246
48320
527422
547654
227979
313094
85608
84532
901515
755454
138719
661795
240046
538746
434245
873948
491501
541718
25076
50351
297302
262547
465098
634534
84844
923162
593338
775427
324720
17636
497510
603525
587789
32849
768442
573576
193349
412004
322035
474990
11405
495631
155084
649363
600887
99472
758315
221432
393607
731592
253369
472087
499771
152125
800220
526065
595959
89516
588521
115595
845415
8211
508808
84837
933404
746266
504467
134247
501555
66532
563872
585798
424128
617834
221519
607181
288152
557347
231298
933772
879975
647000
567479
130716
722478
21614
278780
598721
236462
510982
32623
80351
657512
465710
411271
540549
141867
773206
623955
159964
908487
306804
389630
757573
419397
173590
428273
788000
476074
452504
41008
468164
463409
528710
668351
677042
263737
401964
484837
246918
847002
955662
906425
215141
919263
617534
334325
99488
628766
990955
930628
191040
407676
77959
746587
456723
284213
493657
41676
206341
87499
352398
380017
936267
101370
190662
706055
235183
927171
411735
605448
381752
923350
968859
859144
870235
791751
891061
518765
31255
905312
800192
103653
903953
419719
192053
58913
623813
856303
588455
800769
617647
296256
510515
802830
58910
211207
782330
586951
124757
213654
33442
674342
234955
336760
746875
874524
334301
205737
576154
954821
107935
953809
650644
562253
561396
119875
779511
185507
282648
274557
236615
84556
253070
717211
272611
266562
284044
400325
563690
428120
66332
246302
929288
65851
368880
780014
905616
955977
205618
23031
334534
771749
292016
838801
14947
760144
271663
730770
175936
389928
451932
141066
313041
909207
486652
515159
518951
486912
622561
56086
333656
493681
997453
142275
744339
680694
560207
688945
601092
522869
854312
973180
687440
413020
858162
411350
731143
705969
609230
717735
887466
330770
70316
711864
177232
626512
841137
47110
976320
990383
179069
32240
335100
926582
30469
948363
601714
42258
236378
479226
479188
40478
912497
420745
217768
6161
705612
537587
288978
221667
395151
286468
518640
403725
922733
576552
